A: 7.94461
B: 1.63088
C: 2.40686
D: 4.1098
E: 12.326
F: 2.21274
G: 2.24412
H: 6.45686
I: 6.96275
J: 0.147549
K: 0.759314
L: 4.1549
M: 2.58627
N: 6.66961
O: 7.60588
P: 1.92059
Q: 0.0901959
R: 5.68775
S: 6.59167
T: 9.10344
U: 2.78039
V: 1.00147
W: 2.3049
X: 0.127451
Y: 2.08873
Z: 0.085294